1 -228.0818 0.305 0.385 0.957 -146.361 -282.637 50.4932 -58.5064 0.452669 5
2 -232.9877 0.377 0.495 0.957 -154.609 -295.419 118.838 -60.7206 0.738806 5
3 -235.7619 0.000 0.000 1.000 -148.804 -344.625 65.3816 -59.0336 0.00000 5
4 -218.7745 0.330 0.522 0.902 -143.021 -279.978 127.959 -60.5516 0.52462 5
5 -229.4326 0.313 0.454 0.967 -151.132 -325.832 118.35 -57.5524 0.42663 5
6 -221.6941 0.328 0.410 0.924 -145.94 -299.853 118.99 -57.6678 0.445733 5
7 -139.3615 16.527 34.383 0.315 -94.0852 -23.941 103.598 -53.242 22.554 0
8 -146.7254 16.481 34.328 0.315 -101.597 -39.6923 133.752 -54.5344 22.5265 0
9 -160.2216 16.238 34.343 0.326 -107.61 -68.713 106.551 -56.3954 22.4518 0
10 -211.7282 0.865 1.042 0.870 -137.681 -264.487 63.2581 -53.9243 2.04769 5
11 -144.1736 16.451 34.460 0.348 -92.8864 -97.1033 64.834 -48.0603 23.0264 0
12 -141.9806 16.531 34.291 0.315 -100.162 -40.7693 167.884 -54.5301 22.5711 0
13 -164.2176 2.115 6.701 0.598 -102.518 -263.222 71.2219 -42.4996 4.14746 0
14 -173.3399 1.708 5.384 0.663 -112.204 -250.734 61.9728 -42.2598 3.73212 1
16 -121.4822 3.802 9.983 0.380 -77.5706 -161.595 67.4795 -34.5001 6.39041 4
17 -164.2642 1.482 4.259 0.761 -115.136 -204.617 128.699 -41.5364 3.50717 1
18 -132.0390 5.152 12.094 0.467 -103.226 -88.8726 205.761 -40.5018 7.797 0
19 -118.8590 5.398 12.272 0.446 -91.7135 -102.32 95.0358 -26.4171 8.31988 0
20 -121.0546 3.990 10.793 0.359 -77.3115 -134.786 32.2922 -33.4937 7.15269 4
21 -149.8598 2.154 6.159 0.598 -96.8851 -245.667 129.943 -41.4023 4.04765 0
22 -117.4974 5.355 13.497 0.424 -84.7315 -95.6177 97.661 -32.9702 8.24705 0
23 -119.7042 15.268 30.351 0.283 -82.5321 -33.4613 102.095 -44.0355 21.8719 0
28 -128.4421 5.733 14.080 0.402 -92.7782 -113.068 77.6242 -32.1195 9.65909 3
29 -114.4195 15.255 30.159 0.293 -75.4596 -42.3409 146.605 -49.3863 21.8429 0
30 -141.1529 16.484 34.698 0.304 -95.596 -124.613 112.533 -44.3489 23.124 0
31 -138.9706 16.453 34.700 0.293 -96.8082 -83.9144 134.654 -47.2364 23.0956 0
32 -113.8525 5.108 10.859 0.348 -82.9777 -74.9034 56.1974 -29.0042 8.91121 8
33 -124.2794 14.762 40.382 0.304 -90.4463 -44.5045 159.402 -45.3229 23.8844 0
34 -114.5577 7.116 14.725 0.304 -85.3083 -65.1443 97.1455 -32.4495 11.2761 0
35 -129.6000 7.850 18.166 0.293 -95.8507 -96.096 127.707 -36.9104 13.0899 0
36 -133.7761 5.524 13.706 0.413 -98.6912 -134.66 161.009 -37.7198 9.29243 3
37 -120.5944 3.774 10.135 0.402 -78.0345 -129.506 87.2404 -38.3333 6.73405 4
38 -120.5341 7.785 18.075 0.283 -94.4421 -112.373 173.593 -32.214 13.0646 0
39 -130.4365 5.659 13.930 0.391 -99.2693 -140.297 155.335 -32.671 9.52944 3
40 -121.0730 4.016 10.691 0.359 -83.7469 -159.785 114.867 -32.8343 7.10844 4
41 -124.8622 3.865 10.074 0.402 -80.2736 -143.852 130.243 -43.2277 6.45119 4
42 -141.5271 16.644 35.553 0.315 -105.125 -69.1587 172.426 -46.7288 23.4569 0
43 -113.8461 3.341 9.090 0.326 -73.6876 -184.685 72.5134 -28.9413 7.47197 2
44 -153.4660 4.949 5.513 0.620 -116.25 -268.618 317.496 -42.1038 12.6931 0
45 -138.9015 4.098 5.552 0.489 -90.706 -180.067 230.283 -53.2171 10.1927 10
47 -146.3005 2.415 7.254 0.565 -97.705 -225.846 143.133 -40.3242 4.4986 0
48 -118.6179 3.570 9.217 0.370 -78.5401 -182.794 127.571 -34.5555 8.15828 2
49 -116.9179 5.107 10.522 0.337 -84.9449 -96.3882 110.87 -33.4212 8.94234 8
50 -111.5929 3.268 8.859 0.402 -76.8775 -188.104 155.835 -31.4885 7.19303 2
52 -138.5149 5.630 13.910 0.380 -100.224 -149.715 93.6508 -32.6845 9.5396 3
53 -114.7352 3.284 8.814 0.359 -76.2788 -186.501 133.813 -33.1876 7.21361 2
54 -116.3654 3.625 9.208 0.348 -76.9209 -153.895 95.6728 -33.6223 8.25035 2
55 -133.7729 5.764 18.469 0.402 -109.723 -38.0588 135.911 -33.8351 13.1576 0
57 -123.1143 3.331 8.755 0.391 -80.8862 -195.215 136.28 -36.3346 7.52851 2
58 -111.6964 3.395 8.945 0.370 -69.5389 -178.526 134.195 -37.7244 7.54884 2
60 -120.0306 4.004 4.724 0.543 -78.1191 -143.654 175.196 -45.0657 10.027 10
61 -158.4203 4.577 4.850 0.565 -113.152 -299.824 276.597 -42.9456 11.9592 0
62 -133.3033 5.552 13.739 0.391 -102.909 -127.752 185.185 -36.1376 9.36655 3
63 -118.9272 3.418 8.982 0.380 -76.5908 -189.435 109.282 -34.3211 7.84327 2
64 -125.1479 3.506 8.935 0.391 -82.8385 -194.763 140.185 -36.8516 8.00675 2
65 -124.2154 3.974 4.609 0.543 -83.1739 -159.439 212.055 -46.3031 9.96767 10
66 -114.8944 5.083 10.549 0.337 -86.1982 -81.4977 104.614 -31.0078 8.88419 8
70 -129.2384 3.542 9.012 0.370 -79.4291 -227.506 173.813 -44.44 8.37858 2
71 -134.9142 5.587 13.737 0.391 -100.432 -141.648 160.456 -36.363 9.45479 3
72 -141.3961 5.658 13.833 0.391 -104.505 -127.484 113.236 -35.4663 9.60429 3
74 -125.3962 3.947 4.568 0.522 -84.9971 -159.666 224.265 -46.859 9.91569 10
75 -118.7183 3.305 8.518 0.391 -81.1292 -209.607 181.433 -34.7717 7.62105 2
76 -115.2536 3.350 8.569 0.380 -74.4181 -212.51 174.361 -37.0206 7.64728 2
77 -131.5769 3.511 8.952 0.391 -79.4107 -233.099 142.469 -43.1032 8.21901 2
78 -116.1610 3.342 8.752 0.370 -73.5395 -204.893 114.078 -33.54 7.71877 2
79 -132.9638 5.650 13.702 0.380 -96.8874 -142.725 148.186 -36.6225 9.50728 3
80 -112.6018 3.394 8.623 0.359 -70.8718 -190.958 150.733 -37.7075 7.73504 2
81 -113.5275 3.240 8.809 0.380 -74.5201 -224.541 127.244 -29.2777 7.15407 2
83 -145.1864 16.437 34.853 0.337 -97.6809 -39.5177 119.969 -55.5506 23.0393 0
84 -130.6194 3.515 8.843 0.370 -77.3149 -193.347 80.7946 -42.0493 8.20951 2
85 -121.1746 13.892 32.138 0.315 -84.7881 -45.5968 76.0229 -39.4291 21.4087 0
86 -123.2096 3.446 8.689 0.359 -86.3365 -163.356 188.596 -39.3971 7.93792 2
87 -112.1330 3.479 8.797 0.348 -73.4018 -158.256 115.284 -34.434 7.75938 2
89 -121.6145 13.514 35.133 0.315 -100.932 -48.5075 219.057 -37.7374 21.3941 0
91 -118.7970 3.989 10.493 0.413 -89.1008 -124.296 170.409 -34.3075 7.05714 4
92 -126.7692 3.518 8.998 0.337 -76.0908 -219.913 172.045 -45.8916 8.31163 2
93 -112.8192 3.231 8.425 0.370 -75.8905 -195.538 160.121 -33.387 7.17398 2
95 -111.3794 3.461 8.719 0.348 -76.1628 -180.683 140.653 -31.2136 7.86387 2
96 -120.5790 3.366 8.935 0.402 -77.5201 -211.886 114.331 -33.3034 7.75338 2
98 -122.6437 5.064 10.375 0.348 -85.7324 -97.3781 50.4336 -32.2168 8.89019 8
99 -111.2656 3.390 8.505 0.337 -74.0026 -194.363 170.821 -34.9088 7.6825 2
100 -144.2099 4.346 4.649 0.576 -104.096 -300.229 281.109 -38.2019 11.3894 0
102 -120.3214 5.300 6.814 0.500 -87.9394 -278.557 291.845 -33.7108 13.6221 0
103 -117.8175 3.951 10.458 0.402 -85.9497 -124.82 163.111 -35.6969 7.02738 4
104 -120.0025 3.344 8.934 0.391 -81.2863 -230.988 201.152 -35.7326 7.72655 2
107 -119.3815 3.985 10.368 0.402 -86.5357 -136.81 163.169 -35.4817 7.07959 4
108 -122.1649 3.501 9.121 0.391 -78.6971 -193.987 149.003 -38.9694 8.17417 2
109 -136.9889 16.935 36.097 0.163 -94.6846 -105.736 155.198 -47.2505 24.6526 0
110 -118.3790 3.494 8.698 0.359 -78.4363 -195.827 140.637 -34.4237 7.91152 2
112 -114.1700 3.236 8.533 0.348 -77.822 -213.936 171.022 -32.0566 7.28954 2
113 -111.3768 12.807 32.068 0.163 -89.8932 -56.4059 208.582 -36.7012 22.0008 0
114 -129.2240 3.431 8.875 0.391 -84.1134 -220.654 139.938 -37.039 7.99742 2
115 -113.8624 5.129 10.437 0.370 -87.6153 -93.6758 145.495 -31.429 8.97966 8
117 -119.6340 3.195 8.368 0.380 -79.8794 -223.008 138.653 -31.3191 7.0854 2
120 -125.1808 2.926 7.617 0.467 -81.6905 -249.195 128.283 -31.3991 6.66638 11
121 -110.8635 3.325 8.870 0.413 -76.297 -210.965 165.985 -30.0685 7.60978 2
123 -121.8169 3.500 9.098 0.380 -78.0093 -223.084 173.687 -38.8679 8.17195 2
124 -120.5963 4.264 7.572 0.489 -84.1747 -212.611 240.531 -39.2136 10.3866 0
125 -125.6732 5.058 18.525 0.402 -102.155 -75.9265 181.854 -34.111 11.4359 0
126 -113.0936 3.499 8.559 0.370 -78.0834 -177.357 187.298 -36.0043 7.99215 2
127 -131.0943 3.453 8.970 0.402 -83.1052 -207.921 172.385 -44.4355 8.18338 2
130 -138.7727 5.479 13.567 0.391 -102.964 -153.559 146.507 -35.1035 9.31986 3
131 -113.0164 3.527 8.990 0.391 -80.4941 -203.688 205.471 -32.7006 8.05094 2
133 -144.6449 5.609 13.754 0.413 -103.18 -136.515 103.242 -38.1376 9.45427 3
137 -126.2028 3.237 10.719 0.489 -85.6048 -191.82 30.6034 -24.4763 6.91736 0
141 -116.1772 3.223 8.446 0.370 -77.7979 -217.143 140.069 -30.6719 7.1851 2
146 -119.2103 16.587 32.769 0.163 -80.8496 -98.3421 180.236 -46.5501 24.6813 6
149 -134.7896 4.767 5.437 0.554 -94.909 -252.822 290.6 -43.6584 12.4749 7
150 -113.0870 5.669 18.827 0.391 -99.6505 -34.0632 173.005 -27.3307 13.3076 0
151 -136.9515 5.703 13.835 0.380 -101.005 -160.512 159.944 -35.8897 9.65441 3
154 -120.5494 3.397 9.021 0.402 -85.3259 -212.418 210.568 -35.0385 7.90858 2
155 -150.1137 4.313 4.576 0.576 -106.193 -312.097 281.174 -40.8284 11.2777 0
157 -132.4608 4.723 5.364 0.543 -97.3735 -261.01 317.144 -40.7007 12.371 7
158 -116.2324 16.611 32.800 0.152 -79.7762 -86.7694 179.406 -45.7199 24.6935 6
159 -135.2158 5.522 13.594 0.413 -98.9137 -155.268 160.223 -36.7976 9.42329 3
161 -141.0195 5.657 13.683 0.402 -103.447 -149.049 138.352 -36.5028 9.56365 3
164 -144.9543 4.743 5.330 0.565 -104.221 -279.62 280.323 -40.8036 12.3971 7
165 -146.4654 4.109 4.434 0.576 -116.097 -287.564 376.936 -39.3056 10.8493 0
166 -142.4443 4.681 5.262 0.565 -102.321 -278.435 279.094 -40.1892 12.2491 7
167 -139.2675 5.615 13.838 0.402 -98.7458 -159.483 119.998 -36.5732 9.49902 3
168 -127.9500 5.623 13.776 0.391 -99.4921 -138.399 217.87 -36.405 9.49963 3
171 -112.5525 16.637 33.654 0.207 -78.9548 -119.289 209.512 -42.62 24.1394 0
173 -119.6791 3.524 9.238 0.380 -81.9074 -203.403 207.805 -38.2119 8.13572 2
174 -152.9700 3.893 4.664 0.554 -103.673 -323.685 225.906 -39.5191 10.2071 0
176 -133.8496 4.670 5.279 0.543 -94.2539 -264.339 279.551 -41.1169 12.265 7
177 -113.8277 3.480 9.132 0.380 -78.3916 -214.459 178.772 -31.8674 8.04586 2
179 -116.9571 3.397 8.887 0.402 -82.8383 -205.245 236.338 -37.2281 7.87045 2
180 -165.0489 1.640 4.921 0.663 -103.33 -198.311 27.6485 -44.6526 3.90725 1
183 -112.1991 16.668 32.754 0.152 -72.654 -114.702 186.645 -46.7394 24.9593 6
187 -115.3179 4.047 9.561 0.424 -81.4462 -65.1903 151.494 -42.5021 8.85174 0
189 -116.5375 16.658 32.728 0.152 -73.5512 -115.373 175.425 -48.9915 24.8349 6
195 -122.8806 6.779 21.404 0.250 -98.7538 -89.6386 111.89 -26.3519 12.0798 0
196 -125.1566 3.247 8.832 0.402 -85.9702 -223.891 151.386 -31.9359 7.11479 0
202 -165.7122 1.703 5.134 0.728 -108.858 -180.84 39.7621 -42.7464 4.03645 1
206 -162.4158 1.655 5.169 0.707 -105.662 -182.527 38.5268 -42.3538 3.92308 1
209 -133.4202 5.569 13.754 0.413 -100.748 -145.659 206.615 -38.7678 9.3934 3
211 -112.0185 6.924 21.617 0.228 -87.6002 -57.5597 80.7513 -26.7375 12.3502 0
213 -169.9027 1.660 5.100 0.750 -107.136 -198.735 52.1857 -48.1118 3.82774 1
217 -150.9344 1.929 5.380 0.652 -101.662 -184.303 88.1506 -39.6572 4.71749 1
218 -111.2526 16.653 32.649 0.163 -72.4957 -133.738 202.948 -45.6779 24.7906 6
219 -138.9992 4.131 5.225 0.533 -100.802 -316.12 258.882 -32.4734 10.7542 0
220 -131.9894 2.666 7.234 0.489 -93.513 -196.065 120.75 -30.9449 6.09371 11
221 -116.9663 13.951 27.623 0.141 -90.8404 -82.5075 210.891 -38.9642 22.8618 0
224 -110.8083 9.622 24.235 0.174 -82.1599 -62.7944 131.324 -35.5014 17.87 9
228 -111.4311 3.447 8.751 0.402 -78.235 -205.077 237.282 -36.4166 7.96172 2
233 -144.2642 3.230 6.791 0.522 -88.3681 -212.942 160.368 -50.6387 7.94648 0
235 -149.9693 1.736 5.404 0.707 -101.306 -178.358 102.746 -41.1021 4.06968 1
240 -174.7370 1.605 4.546 0.728 -115.209 -206.713 63.8755 -45.2442 3.73847 1
242 -153.3297 1.829 5.379 0.652 -101.943 -186.946 76.8634 -40.3784 4.36431 1
244 -126.1025 2.719 7.554 0.467 -89.3079 -207.886 171.772 -33.1832 6.262 11
245 -153.5094 1.739 5.380 0.685 -101.813 -176.191 84.9297 -42.5703 4.13849 1
246 -152.5535 1.673 5.114 0.696 -100.276 -194.023 68.3998 -39.7152 4.00688 1
248 -113.6774 9.679 23.990 0.185 -86.5868 -66.7563 121.719 -32.5869 17.9558 9
249 -156.7131 1.771 5.246 0.707 -101.409 -176.302 32.4667 -40.9206 4.27008 1
250 -111.9309 9.873 24.357 0.163 -79.5793 -56.9543 77.8242 -34.4386 18.1942 9
251 -167.2346 1.720 5.191 0.674 -112.26 -186.88 84.3115 -44.7178 4.02124 1
252 -173.5116 1.620 4.533 0.728 -108.731 -205.685 2.81545 -44.4936 3.84929 1
255 -161.6613 1.416 4.645 0.739 -105.502 -185.679 63.6298 -43.9544 3.19234 1
256 -152.6138 1.754 5.110 0.674 -101.791 -174.807 81.6155 -41.5037 4.20814 1
258 -155.0436 1.679 5.011 0.728 -107.392 -179.977 98.9855 -39.5524 3.98005 1
260 -119.3106 16.842 34.956 0.337 -97.704 8.92685 155.392 -38.0385 23.959 0
262 -113.9246 6.137 15.145 0.217 -78.3402 -38.6822 205.754 -52.2916 12.0744 0
263 -177.3249 1.705 4.859 0.707 -113.538 -207.325 55.3188 -48.5863 4.14605 1
265 -119.0087 16.598 32.678 0.152 -80.776 -133.131 233.356 -48.2552 24.8317 6
266 -114.6998 9.564 23.811 0.185 -83.3116 -71.2438 95.1132 -33.7751 17.799 9
269 -164.9595 1.577 4.773 0.728 -110.648 -214.121 90.0183 -41.9012 3.68576 1
275 -173.4847 1.602 4.564 0.717 -111.986 -224.205 66.4896 -45.7272 3.82774 1
277 -169.7247 1.623 4.894 0.717 -109.229 -212.264 62.7093 -45.5402 3.8496 1
284 -148.6231 1.738 5.442 0.674 -100.447 -172.55 116.649 -42.586 4.06187 1
292 -168.1139 1.625 4.821 0.728 -111.916 -199.516 88.9694 -45.1432 3.86686 1
294 -113.1830 7.567 18.736 0.152 -79.8366 -160.032 192.713 -36.6145 14.9362 0
299 -163.5648 1.662 4.827 0.728 -108.963 -207.247 111.699 -45.047 3.88171 1
300 -153.6761 1.664 5.136 0.707 -103.816 -205.234 131.863 -42.523 3.86819 1
301 -111.0155 4.977 6.912 0.435 -91.2158 -254.422 323.134 -26.6709 12.9731 0
308 -158.3464 1.727 5.077 0.707 -106.232 -174.166 92.3392 -43.9317 4.1005 1
316 -152.0214 1.712 5.324 0.696 -101.093 -164.471 68.5288 -41.3342 4.02908 1
317 -118.5434 16.741 33.997 0.185 -77.1831 -120.099 138.734 -43.2238 24.0978 0
321 -148.6932 1.583 4.972 0.707 -100.117 -187.773 99.9317 -39.7921 3.67997 1
322 -155.2411 1.677 5.110 0.707 -104.711 -193.953 90.8647 -40.2213 3.93443 1
323 -182.2337 1.675 4.905 0.739 -119.846 -220.577 67.111 -47.0411 4.02341 1
327 -198.1793 1.597 4.760 0.750 -127.18 -214.756 61.169 -55.6406 3.82112 1
329 -137.3079 4.654 5.271 0.554 -98.0259 -289.358 288.44 -39.1902 12.1673 7
330 -177.5121 1.578 3.620 0.728 -123.261 -246.615 154.416 -45.0312 3.72984 1
340 -111.5277 7.569 18.503 0.141 -75.3407 -155.697 176.878 -38.3051 14.8927 0
347 -162.3833 1.667 5.338 0.717 -110.004 -181.102 130.33 -47.3021 3.88752 1
348 -180.9804 1.541 4.242 0.717 -113.902 -208.171 26.297 -48.891 3.5894 1
349 -154.5752 1.653 4.903 0.707 -102.741 -194.801 116.229 -43.977 3.91249 1
351 -159.1821 1.732 5.293 0.728 -101.339 -195.305 70.3769 -45.3503 4.07694 1
357 -138.2740 2.617 7.247 0.511 -100.971 -233.253 170.533 -31.031 5.9793 11
358 -116.6755 16.558 32.530 0.174 -79.3089 -85.0498 206.178 -49.4794 24.5944 6
360 -177.2679 1.652 4.879 0.696 -112.325 -201.22 40.7969 -48.9006 3.89233 1
367 -113.3900 9.955 24.376 0.163 -81.5989 -74.503 103.242 -34.665 18.3884 9
371 -167.0267 1.693 4.816 0.707 -113.411 -200.464 122.762 -45.8455 3.99617 1
376 -161.2625 1.817 4.936 0.696 -108.836 -205.064 129.184 -44.8385 4.45374 1
381 -121.7217 2.984 9.560 0.446 -80.3392 -174.792 98.5965 -33.7629 5.96324 0
389 -168.8186 1.624 4.662 0.739 -112.973 -206.881 98.6014 -45.0176 3.80851 1
390 -163.3008 1.900 5.202 0.696 -111.007 -180.951 100.261 -44.2248 4.618 1
391 -162.9950 1.512 4.974 0.739 -109.359 -202.177 125.876 -46.0059 3.39834 1
398 -176.9234 1.577 4.956 0.696 -112.726 -215.24 97.9628 -52.4697 3.72548 1
400 -172.4806 1.577 4.791 0.739 -112.732 -224.798 97.1585 -46.9847 3.75238 1
