#Cluster Nstruc Einter sd Enb sd Evdw+0.1Eelec sd Evdw sd Eelec sd Eair sd Ecdih sd Ecoup sd Esani sd Evean sd Edani sd
file.nam_clust1    45  -224.16    38.76  -306.63    23.01  -128.38     7.54  -108.58     6.17  -198.06    18.35    82.48    32.80     0.00     0.00     0.00     0.00     0.00     0.00     0.00     0.00    0.000    0.000 
file.nam_clust2    41  -123.62    34.59  -278.94    20.04   -98.20     4.46   -78.12     3.62  -200.82    18.87   155.32    37.23     0.00     0.00     0.00     0.00     0.00     0.00     0.00     0.00    0.000    0.000 
file.nam_clust3    16   -95.78    36.73  -242.50    13.31  -114.49     3.35  -100.26     2.82  -142.24    12.33   146.72    37.37     0.00     0.00     0.00     0.00     0.00     0.00     0.00     0.00    0.000    0.000 
file.nam_clust4     8  -105.64    50.12  -221.75    12.61   -96.26     3.98   -82.31     4.32  -139.43    13.67   116.10    47.17     0.00     0.00     0.00     0.00     0.00     0.00     0.00     0.00    0.000    0.000 
file.nam_clust5     7  -351.01    39.65  -445.77    29.19  -176.69     7.00  -146.79     5.10  -298.98    25.73    94.75    30.80     0.00     0.00     0.00     0.00     0.00     0.00     0.00     0.00    0.000    0.000 
file.nam_clust6     7     8.24    16.95  -186.65    17.27   -88.02     3.22   -77.06     3.65  -109.59    18.70   194.88    19.17     0.00     0.00     0.00     0.00     0.00     0.00     0.00     0.00    0.000    0.000 
file.nam_clust7     6   -80.26    23.83  -369.45    15.10  -125.61     4.54   -98.52     3.65  -270.93    12.53   289.19    13.28     0.00     0.00     0.00     0.00     0.00     0.00     0.00     0.00    0.000    0.000 
file.nam_clust8     5   -80.74    33.39  -174.26     9.89   -94.37     2.16   -85.49     1.53   -88.77     8.96    93.52    35.71     0.00     0.00     0.00     0.00     0.00     0.00     0.00     0.00    0.000    0.000 
file.nam_clust9     5   -43.25    17.92  -149.10     7.37   -89.29     2.61   -82.65     2.31   -66.45     6.19   105.84    19.02     0.00     0.00     0.00     0.00     0.00     0.00     0.00     0.00    0.000    0.000 
file.nam_clust10     4   -34.51     9.95  -244.96    17.39  -100.32     5.78   -84.25     4.50  -160.71    12.93   210.45    21.39     0.00     0.00     0.00     0.00     0.00     0.00     0.00     0.00    0.000    0.000 
file.nam_clust11     4  -165.14    27.37  -312.97    19.80  -113.53     6.63   -91.37     6.98  -221.60    20.84   147.83    23.47     0.00     0.00     0.00     0.00     0.00     0.00     0.00     0.00    0.000    0.000 
